MEENAKSHY MEDICAL AGENCIES

Closing Stock Register for the period from 01-Dec-2025 to 31-Dec-2025                                        Page no : 1
ABBOTT NEUROLIFE
---------------------------------------------------------------------------------------------------------------------------------------
Code     Name                Prate OpStock       Purchase    Preturn     Sales       SValue SReturn Excess Short   ClStock     Cl Value
                                                Qty    Free            Qty   Free                                Qty   Free
---------------------------------------------------------------------------------------------------------------------------------------
ABBOTT NEUROLIFE
----------------
ACUVERT 5MG 10X15 15S        86.64       0        0       0      0      0      0       0.00     0      0           0     0         0.00
BRIVETOIN 100MG 5X10 10S    260.94       0        0       0      0      0      0       0.00     0      0           0     0         0.00
BRIVETOIN 25MG TAB 5X10 10S  62.94       0        0       0      0      0      0       0.00     0      0           0     0         0.00
BRIVETOIN 50MG TAB 5X10 10S 119.51       0        0       0      0      0      0       0.00     0      0           0     0         0.00
BRIVETOIN 75MG TAB 5X10 10S 172.93       0        0       0      0      0      0       0.00     0      0           0     0         0.00
EBASIL 10MG 10*10 10 S       51.95       0        0       0      0      0      0       0.00     0      0           0     0         0.00
EBASIL 20MG 0                63.96       0        0       0      0      0      0       0.00     0      0           0     0         0.00
EPISHIELD CAP 10X10 10C      84.15       0        0       0      0      0      0       0.00     0      0           0     0         0.00
EPTOIN 100MG 120 S          154.65     115      144       0      0     74      0   12714.68     0      0         185     0     28610.25
EPTOIN 300MG ER 30T         144.28      31        0       0      0      9      0    1442.79     0      0          22     0      3174.16
EPTOIN 50MG 150 S            91.80      16        0       0      0      5      0     510.00     0      0          11     0      1009.80
EPTOIN INJ 2ML                8.71      64        0       0      0     30      0     290.40     0      0          34     0       296.14
EPTOIN SUSP 200ML            51.27      26        0       0      0      6      0     341.82     0      0          20     0      1025.40
INDERAL F10 40MG TAB 10X10   83.48       0        0       0      0      0      0       0.00     0      0           0     0         0.00
INDERAL F5 40MG TAB 10X10 1  62.47      19       10       0      0      6      0     416.46     0      0          23     0      1436.81
INDERAL LA 20MG 15S          35.10     182        0       0      0     79      0    3081.00     0      0         103     0      3615.30
INDERAL LA 40MG  10X15 15S   35.35     116       40       0      0     66      0    2592.48     0      0          90     0      3181.50
INDERAL TAB 10  40X15 15S    14.36      66       40       0      0     45      0     718.20     0      0          61     0       875.96
INDERAL TAB 20 15S           35.10      60        0       0      0      6      0     234.06     0      0          54     0      1895.40
INDERAL TAB 40   40X15 15 S  35.35      64       80       0      0     64      0    2513.92     0      0          80     0      2828.00
LACOXA 100MG 10 S            97.78       0        0       0      0      0      0       0.00     0      0           0     0         0.00
LACOXA 200MG 10S            107.36       0        0       0      0      0      0       0.00     0      0           0     0         0.00
LACOXA 50MG 10X10 10S        55.56       0        0       0      0      0      0       0.00     0      0           0     0         0.00
LACOXA INJ 10MG 20ML        171.91       0        0       0      0      0      0       0.00     0      0           0     0         0.00
LACOXA SYRUP 100ML          134.36       0        0       0      0      0      0       0.00     0      0           0     0         0.00
PROTHAIDEN M 75 10X15       301.61       0       30       0      0      9      0    3016.08     0      0          21     0      6333.81
PROTHIADEN 25  10X15 15S    138.40     252        0       0      0    156      0   23961.74     0      0          96     0     13286.40
PROTHIADEN 50 10X15T        272.56     141        0       0      0     53      0   16051.05     0      0          88     0     23985.28
PROTHIADEN 75 30X15S        288.48      51      120       0      0     75      0   23923.23     0      0          96     0     27694.08
PROTHIADEN M 50 10X15 15 S  224.13      33       10       0      0     15      0    3735.60     0      0          28     0      6275.64
PROTHIADEN NEU 10X10 10S    212.14      22        0       0      0      0      0       0.00     0      0          22     0      4667.08
SNAPIT TAB 20X2 2 S          98.86      61      160       0      0     98      0   10764.33     0      0         123     0     12159.78
SOLSPRE 100GM 100ML         217.22       0        0       0      0      0      0       0.00     0      0           0     0         0.00
VERTIN DT 16 MG TAB 10X15 1 253.06       7        0       0      0      0      0       0.00     0      0           7     0      1771.42
VERTIN DT 8 MG TAB 10X15 15 113.54       0        0       0      0      0      0       0.00     0      0           0     0         0.00
VERTIN MDS 24MG SACHET 10SA 212.14       0        0       0      0      0      0       0.00     0      0           0     0         0.00
VERTIN OD 24 15S            430.09      27        0       0      0      4      0    1737.76     0      0          23     0      9892.07
VERTIN OD 32 7               93.54       0        0       0      0      0      0       0.00     0      0           0     0         0.00
VERTIN OD 48 15S            659.34      10        0       0      0      2      0    1465.20     0      0           8     0      5274.72
VERTIN TAB 16MG 10*15 15 S  278.36     297      200       0      0    218      0   61295.06     0      0         279     0     77662.44
VERTIN TAB 24MG 10X15 15S   363.42      34        0       0      0      7      0    2826.60     0      0          27     0      9812.34
VERTIN TAB 8MG 10X15 15S    137.36     404      300       0      0    431      0   65780.54     0      0         273     0     37499.28
ZOLFRESH ODT 10MG 10S        91.90       0        0       0      0      0      0       0.00     0      0           0     0         0.00
ZOLFRESH ODT 5MG TAB 10S     67.06       0        0       0      0      0      0       0.00     0      0           0     0         0.00
                                                                                  ============                              ============
                                                                                     239413.00                                284263.06
                                                                                  ============                              ============
GRAND TOTAL                                                                          239413.00                                284263.06
                                                                                  ============                              ============















