MEENAKSHY MEDICAL AGENCIES

Closing Stock Register for the period from 01-Dec-2025 to 31-Dec-2025                                        Page no : 1
ABBOTT MAGNUS
---------------------------------------------------------------------------------------------------------------------------------------
Code     Name                Prate OpStock       Purchase    Preturn     Sales       SValue SReturn Excess Short   ClStock     Cl Value
                                                Qty    Free            Qty   Free                                Qty   Free
---------------------------------------------------------------------------------------------------------------------------------------
ABBOTT MAGNUS
-------------
**MIXTARD HM 30/70 PEN 5X3M1562.49       0        0       0      0      0      0       0.00     0      0           0     0         0.00
*ACTRAPID HM PENFIL **** 5X1562.49       0        0       0      0      0      0       0.00     0      0           0     0         0.00
ABOCAL 500 TAB 10X15 15 S    61.43       0        0       0      0      0      0       0.00     0      0           0     0         0.00
ACTRAPID FLEXPEN 5X3ML **** 461.31       0        0       0      0      0      0       0.00     0      0           0     0         0.00
CABERNORM TAB 1X4 4S        280.74       0        0       0      0      0      0       0.00     0      0           0     0         0.00
COMBINORM 2X15              267.30      40        0       0      0     12      1    5691.36     0      0          27     0      7217.10
COMBINORM PLUS *** 2X15 15S 469.83       6        0       0      0      5      0    2610.15     0      0           1     0       469.83
COMBINORM WASH 100ML        122.03       0        0       0      0      0      0       0.00     0      0           0     0         0.00
FIASP 100IU VIAL 10ML      1636.41       9        0       0      0      7      0   12450.90     0      0           2     0      3272.82
FIASP FLEX TOUCH PEN 3ML    740.59      79       30       0      0     90      0   72448.20     0      0          19     0     14071.21
FIASP PENFILL 100IU 5X3ML 3 599.67     132      350       0      0    230      0  149916.30     0      0         252     0    151116.84
GLUCAG0N HYPOKIT 1          678.86       1        0       0      0      0      0       0.00     0      0           1     0       678.86
HUMAN ACTRAPID 10ML         133.50    1146      480       0      0    828      0  120151.08     0      0         798     0    106533.00
HUMAN INSULATARD 10ML       133.50      81       60       0      5     84      0   12189.24     0      0          52     0      6942.00
HUMAN MIXTARD 10ML          133.50    3379     2000       0      0   3214      0  466383.54     0      0        2165     0    289027.50
HUMAN MIXTARD 100 IU 10ML   401.64     254        0       0      0    131      0   57190.67     0      0         123     0     49401.72
HUMAN MIXTARD 50  IU 10ML   215.13     124       60       0      0    114      0   26657.76     0      0          70     0     15059.10
HYTRIN 1MG 5X10 10T         188.60      52        0       0      0      8      0    1676.40     0      0          44     0      8298.40
HYTRIN 2MG 5X10 10T         279.46      34       20       0      0     29      0    9004.83     0      0          25     0      6986.50
INSULATARD FLEXPEN 5*3ML 3M 461.31       0        0       0      0      0      0       0.00     0      0           0     0         0.00
INSULTARD HM PENFIL 5X3ML  1562.49       0        0       0      0      0      0       0.00     0      0           0     0         0.00
LEVEMIR FLEXPEN 3ML        1173.75       0        0       0      0      0      0       0.00     0      0           0     0         0.00
LINORMA T3 20MCG 100S      1157.14       4        0       0      0      0      0       0.00     0      0           4     0      4628.56
LINORMA T3 5MG TAB 100S     900.00      11        0       0      0      2      0    2000.00     0      0           9     0      8100.00
METHIMERCAZOLE 10MG 1X30 30 158.14       0        0       0      0      0      0       0.00     0      0           0     0         0.00
METHIMERCAZOLE 5MG 1X30 30S  88.71       0        0       0      0      0      0       0.00     0      0           0     0         0.00
MIXTARD 30 FLEXPEN 5*3ML ** 461.31       0        0       0      0      0      0       0.00     0      0           0     0         0.00
MIXTARD 50 NOVOLET 1        211.35       0        0       0      0      0      0       0.00     0      0           0     0         0.00
MIXTARD HM 50/50 PEN 5X3ML 1562.49       2        0       0      1      1      0    1698.36     0      0           0     0         0.00
NOVOFINE NEEDLE 1            13.35     322    18000       0      2  10261      0  134322.05     0      0        8059     0    107587.65
NOVOMIX 30 FLEXPEN 3ML      852.26      37       75       0      0     54      0   50023.98     0      0          58     0     49431.08
NOVOMIX 30 PENFIL 1*3ML     689.65     551      150       0      1    386      0  289353.32     0      0         314     0    216550.10
NOVOMIX 50 FLEX PEN 0       881.65      11       10       0      0      3      0    2874.96     0      0          18     0     15869.70
NOVOMIX 50 PENFIL 5X3ML 3ML 715.12      71       20       0      0     91      0   70734.30     0      0           0     0         0.00
NOVONORM 0.5MG 15 S          93.34      10       40       0      0     11      0    1131.38     1      0          40     0      3733.60
NOVONORM 2MG 15 S           233.35       5        0       0      0      5      0    1296.40     0      0           0     0         0.00
NOVONORM IMG 15 S           128.57       0        0       0      0      0      0       0.00     0      0           0     0         0.00
NOVOPEN 4 1                 963.64      37        0       0      0     20      0   21414.20     1      0          18     0     17345.52
NOVOPEN III 1 S             383.55       0        0       0      0      0      0       0.00     0      0           0     0         0.00
NOVORAPID 100IU 10ML       1708.26       0        0       0      0      0      0       0.00     0      0           0     0         0.00
NOVORAPID FLEXPEN 3ML       852.26      51        0       0      0      7      0    6484.59     0      0          44     0     37499.44
NOVORAPID PENFIL 1*3ML      689.65     295      100       0      0    199      0  149173.78     0      0         196     0    135171.40
OZEMPIC 0.25MG PEN 1.5ML 1S6476.80       0       15       0      0      5      0   35200.00     0      0          10     0     64768.00
OZEMPIC 0.5MG PEN 1.5ML 1S 7485.12       0        5       0      0      0      0       0.00     0      0           5     0     37425.60
OZEMPIC 1MG PEN 1.5ML 1S   8224.80       0       10       0      0      4      0   35760.00     0      0           6     0     49348.80
RYBELSUS  14MG TAB 1X10 10S2670.30      58       30       0      0     58      0  168345.00     0      0          30     0     80109.00
RYBELSUS  3MG TAB 1X10 10S 2187.30      30        0       0      0      3      0    7132.50     0      0          27     0     59057.10
RYBELSUS  7MG TAB 1X10 10S 2428.80      27       40       0      0     38      0  100320.00     0      0          29     0     70435.20
RYZODEG FLEXTOUCH 1X3ML 3ML1173.92      37       20       0      2     29      0   37004.00     0      0          26     0     30521.92
RYZODEG PENFILL 5X3ML       911.61     570      500       0      1    618      0  612363.84     0      0         451     0    411136.11
SURBEX GOLD 15T             211.31      27       20       0      0     21      0    4930.59     0      0          26     0      5494.06
TENEFORM 20MG 10X10 10S      64.29       0        0       0      0      0      0       0.00     0      0           0     0         0.00












MEENAKSHY MEDICAL AGENCIES

Closing Stock Register for the period from 01-Dec-2025 to 31-Dec-2025                                        Page no : 2
ABBOTT MAGNUS
---------------------------------------------------------------------------------------------------------------------------------------
Code     Name                Prate OpStock       Purchase    Preturn     Sales       SValue SReturn Excess Short   ClStock     Cl Value
                                                Qty    Free            Qty   Free                                Qty   Free
---------------------------------------------------------------------------------------------------------------------------------------
THYROCAL D3 30 S            267.18       0        0       0      0      0      0       0.00     0      0           0     0         0.00
THYRONORM  100 120S         115.76    1633      888       0      0    455     23   57736.29     1      0        2044     0    236613.44
THYRONORM  112MG 50 S        58.54       0        0       0      0      0      0       0.00     0      0           0     0         0.00
THYRONORM  12.5 120S        130.09     651       68       0      0    236      9   33803.49     2      0         476     0     61922.84
THYRONORM  125 120          148.55     676      116       0      0    186      8   30261.49     1      0         599     0     88981.45
THYRONORM  137MG 120S       136.73       0        0       0      0      0      0       0.00     0      0           0     0         0.00
THYRONORM  150MG 120S       149.42     274       68       0      0     94      2   15606.82     0      0         246     0     36757.32
THYRONORM  200 MG 100S      172.49      17        0       0      0      6      0    1149.96     1      0          12     0      2069.88
THYRONORM  25 120S          127.13    1689      840       0      0    482     29   67303.52     0      0        2018     0    256548.34
THYRONORM  37.5 120S        128.81     214       20       0      0     35      0    5009.20     0      0         199     0     25633.19
THYRONORM  50 120S           90.53    1426      888       0      0    546     17   53964.99     0      0        1751     0    158518.03
THYRONORM  62.5MG 120       141.51     271       20       0      0    102      4   15851.83     1      0         186     0     26320.86
THYRONORM  75 120S          126.15    1623      840       0      0    469     17   64691.79     0      0        1977     0    249398.55
THYRONORM  88MG 120         144.87     258       20       0      0    101      4   16038.37     1      0         174     0     25207.38
THYROWEL CAPS 10T           108.08       0        0       0      0      0      0       0.00     0      0           0     0         0.00
THYROWEL PLUS TAB 15S       221.49      40       40       0      0     28      0    6890.80     0      0          52     0     11517.48
TRESIBA  FLEXTOUCH 3ML     1429.31      16       30       0      0     20      0   31072.00     0      0          26     0     37162.06
TRESIBA PENFILL 5X3ML 0    1059.84     116      200       0      0    140      0  161280.00     0      0         176     0    186531.84
VICTOZA PEN 1*3ML 3ML      3422.57       0        0       0      0      0      0       0.00     0      0           0     0         0.00
WEGOVY FLEX TOUCH  1MG *** 
                          11968.05       8        0       0      0      5      0   55400.00     1      0           4     0     47872.20
WEGOVY FLEX TOUCH 0.25MG **7985.60      31        0       0      0      8      0   69440.00     1      0          24     0    191654.40
WEGOVY FLEX TOUCH 0.5MG ***
                          10193.60      12        0       0      0      6      0   66480.00     1      0           7     0     71355.20
WEGOVY FLEX TOUCH 1.7MG ***
                          16753.20       5        0       0      0      1      0   13120.00     0      0           4     0     67012.80
WEGOVY FLEX TOUCH 2.4MG ***
                          12070.40      10        0       0      0      3      0   39360.00     0      0           7     0     84492.80
XULTOPHY 100IU 1X3ML       3351.86       0        0       0      0      0      0       0.00     0      0           0     0         0.00
                                                                                  ============                              ============
                                                                                    3472394.23                               3928857.78
                                                                                  ============                              ============
GRAND TOTAL                                                                         3472394.23                               3928857.78
                                                                                  ============                              ============




































